
import copy

init_positions = [
    [0.00, 0.00, 1.10, -0.60, -2.45, 1.60],
    [0.00, 0.00, 1.12, -1.10, -2.51, 1.59]
]

cam_pos = [-0.2, 0.001, -0.3, 1.41, 0.0, 1.57]

# pick_order = ['200', '300', '201', '301', '202', '302', '203', '303', '100', '000', '101']

pick_order = ['200', '300', '201', '301', '202', '302', '203', '303']

pick_routines = {
    '100': [
        [0.6, 0.17, -1.0, 0.3, -0.1, -0.95],
        [0.6, 0.17, -1.3, 0.3, -0.1, -0.95],
        [0.6, 0.05, -0.5, 1.1, -0.1, -0.95]
    ],
    '000': [
        [0.71, 0.19, -1.0, 0.32, -0.1, -0.85],
        [0.71, 0.19, -1.3, 0.32, -0.1, -0.85],
        [0.71, 0.05, -0.5, 1.1, -0.1, -0.95]
    ],
    '101': [
        [0.6, 0.16, -1.0, 0.32, -0.2, -0.95],
        [0.6, 0.16, -1.45, 0.32, -0.2, -0.95],
        [0.6, 0.05, -0.5, 1.1, -0.1, -0.95]
    ],
    '200': [
        [-0.16, 0.048, -0.53, 1.05, -0.01, 1.41],
        [-0.16, 0.048, -1.00, 1.07, -0.53, 1.42]
    ],
    '201': [
        [-0.15, 0.046, -0.53, 1.05, -0.01, 1.41],
        [-0.15, 0.046, -1.16, 1.07, -0.67, 1.45] 
    ],
    '202': [
        [-0.15, 0.040, -0.53, 1.05, -0.01, 1.41],
        [-0.15, 0.040, -1.39, 0.9, -0.75, 1.44] 
    ],
    '203': [
        [-0.15, 0.050, -0.53, 1.05, -0.01, 1.41],
        [-0.15, 0.050, -1.56, 0.84, -0.84, 1.43] 
    ],

    '300': [
        [-0.23, 0.050, -0.53, 1.05, -0.00, -1.85],
        [-0.21, 0.050, -0.99, 1.08, -0.53, -1.79]
    ],

    '301': [
        [-0.23, 0.051, -0.53, 1.05, -0.00, -1.85],
        [-0.21, 0.051, -1.15, 1.07, -0.65, -1.79]
    ],

    '302': [
        [-0.23, 0.045, -0.53, 1.05, -0.00, -1.85],
        [-0.21, 0.045, -1.355, 0.95, -0.75, -1.8]
    ],

    '303': [
        [-0.23, 0.056, -0.53, 1.05, -0.00, -1.85],
        [-0.22, 0.056, -1.50, 0.97, -0.94, -1.81]
    ],
}

release_blue_routines = [
    [
        [-2.50, 0.115, -0.50, 1.50, -0.50, -0.70],
        [-2.50, 0.115, -1.40, 1.10, -0.94, -0.88],
        [-2.50, 0.115, -1.20, 1.10, -0.94, -0.88]
    ],
    [
        [-2.50, 0.137, -0.50, 1.50, -0.50, -0.70],
        [-2.48, 0.136, -1.1, 1.44, -0.93, -0.86],
        [-2.48, 0.137, -0.90, 1.44, -0.93, -0.86]
    ],
    [
        [-2.50, 0.129, -0.50, 1.50, -0.50, -0.88],
        [-2.49, 0.129, -0.89, 1.51, -0.87, -0.88],
        [-2.49, 0.129, -0.69, 1.51, -0.87, -0.88]
    ],
    [
        [-2.49, 0.135, -0.13, 1.51, -0.01, -0.88],
        [-2.49, 0.135, -0.69, 1.5, -0.65, -0.86],
        [-2.49, 0.135, -0.49, 1.5, -0.65, -0.86]
    ],
    [
        [-2.49, 0.152, -0.13, 1.51, -0.01, -0.88],
        [-2.48, 0.152, -0.50, 1.53, -0.45, -0.88],
        [-2.48, 0.152, -0.30, 1.53, -0.45, -0.88]
    ],
    [
        [-2.52, 0.088, -0.5, 0.9, 0.12, -0.89],
        [-2.5, 0.088, -0.88, 0.50, 0.14, -0.91],
        [-2.5, 0.087, -0.89, 0.3, 0.13, -0.91]
    ],
    [
        [-2.53, 0.114, -0.3, 1.0, 0.19, 2.14],
        [-2.55, 0.114, -0.58, 0.77, 0.18, 2.21],
        [-2.59, 0.114, -0.59, 0.78, 0.18, 2.2]
    ],
]

release_green_routines = [
    [
        [2.19, 0.079, -0.50, 1.50, -0.50, 0.55],
        [2.19, 0.079, -1.47, 0.91, -0.89, 0.65],
        [2.19, 0.079, -1.30, 0.91, -0.89, 0.65]
    ],
    [
        [2.19, 0.080, -0.50, 1.50, -0.50, 0.55],
        [2.19, 0.080, -1.25, 1.10, -0.88, 0.65],
        [2.19, 0.080, -1.00, 1.10, -0.88, 0.65]
    ],
    [
        [2.19, 0.105, -0.50, 1.50, -0.50, 0.55],
        [2.19, 0.105, -0.93, 1.45, -0.90, 0.65],
        [2.19, 0.105, -0.73, 1.45, -0.90, 0.65]
    ],
    [
        [2.19, 0.074, -0.65, 1.35, -0.51, 0.61],
        [2.19, 0.074, -0.95, 1.05, -0.51, 0.61],
        [2.19, 0.074, -0.75, 1.05, -0.51, 0.61]
    ],
    [
        [2.19, 0.105, -0.15, 1.35, -0.0, 0.61],
        [2.18, 0.105, -0.6, 1.36, -0.5, 0.63],
        [2.18, 0.105, -0.4, 1.36, -0.5, 0.63]
    ],
    [
        [2.19, 0.105, -0.15, 1.00, 0.3, 0.61],
        [2.18, 0.11, -0.5, 1.2, -0.2, 0.59],
        [2.18, 0.11, -0.3, 1.2, -0.2, 0.59]
    ],
    [
        [2.19, 0.117, -0.15, 1.00, 0.3, 0.61],
        [2.18, 0.117, -0.45, 1.02, 0.06, 0.6],
        [2.18, 0.117, -0.25, 1.02, 0.06, 0.6]
    ],
]

release_red_routines = [
    [
        [1.4, 0.04, -0.5, 1.5, -0.5, -1.80],
        [1.4, 0.05, -1.6, 0.63, -0.72, -1.83],
        [1.4, 0.05, -1.6, 0.63, -0.72, -1.83]
    ],
    [
        [-1.7, 0.04, -0.5, 1.5, -0.5, -1.80],
        [-1.7, 0.05, -1.6, 0.63, -0.72, -1.83],
        [-1.7, 0.05, -1.6, 0.63, -0.72, -1.83]
    ]
]
